# Energy[MeV] U235Fissions[MeV^-1] Error[%] U238Fissions[MeV^-1] Error[%]
2.0 1.198e0 1.8 1.372e0 18.5
2.5 8.643e-1 1.9 1.047e-0 9.2
3.0 6.302e-1 1.9 8.002e-1 4.7
3.5 4.403e-1 2.0 5.882e-1 4.3
4.0 3.005e-1 2.1 4.217e-1 4.2
4.5 1.891e-1 2.4 2.795e-1 4.4
5.0 1.186e-1 2.6 1.831e-1 5.0
5.5 7.331e-2 2.8 1.183e-1 5.9
6.0 4.231e-2 3.2 7.111e-2 8.3
6.5 2.311e-2 3.5 4.089e-2 12.3
7.0 1.195e-2 3.9 2.237e-2 15.0
7.5 5.077e-3 4.8 1.079e-2 29.8
8.0 1.959e-3 6.4 4.650e-3 49.1
8.5 6.743e-4 7.2 1.987e-3 50.0
9.0 2.696e-4 9.2 9.947e-4 50.0
